Set parameter Username
Academic license - for non-commercial use only - expires 2023-06-17
received ./heuristic ./instances/zoo-MRCT/Deltacom_12.in 15 100 
instance read
initial solution generated
clusterized
clusters created: 10
305250
{ 77 103 81 101 78 72 73 98 47 111 84 51 50 91 92 }
{ 29 28 92 91 50 57 56 51 47 46 44 15 97 73 72 }
{ 75 76 104 99 60 59 53 52 16 74 72 81 6 62 85 }
{ 70 71 68 69 66 67 64 63 9 62 6 80 4 5 86 }
{ 7 8 0 1 65 4 3 88 93 94 95 96 89 24 27 }
{ 83 82 61 58 110 109 108 22 20 23 105 106 107 27 24 }
{ 25 26 21 24 95 94 93 88 87 2 55 3 45 43 42 }
{ 41 40 49 54 90 48 42 43 17 14 45 3 4 6 81 }
{ 100 102 79 77 30 36 19 18 35 34 32 33 38 39 12 }
{ 13 11 10 12 19 36 30 31 112 37 77 }
----
{ 77 103 81 101 78 72 73 98 47 60 59 53 52 111 84 }
{ 51 50 91 92 29 28 57 56 47 46 44 15 97 73 72 }
{ 75 76 104 99 16 74 72 81 6 62 85 70 71 68 69 }
{ 66 67 64 69 68 71 70 63 9 62 6 80 4 5 86 }
{ 7 8 0 1 65 4 3 88 93 94 95 96 89 24 27 }
{ 83 82 61 58 110 109 108 22 20 23 105 106 107 27 24 }
{ 25 26 21 24 95 94 93 88 87 2 55 3 45 43 42 }
{ 41 40 49 54 90 48 42 43 17 14 45 3 4 6 81 }
{ 100 102 79 77 30 36 19 18 35 34 32 33 38 39 12 }
{ 13 11 10 12 19 36 30 31 112 37 77 }
----
{ 77 103 81 101 78 72 73 98 47 60 59 53 52 111 84 }
{ 51 50 91 92 29 28 57 56 47 46 44 15 97 73 72 }
{ 75 76 104 99 16 74 72 81 6 62 85 70 71 68 69 }
{ 66 67 64 69 68 71 70 63 9 62 6 80 4 5 86 }
{ 7 8 0 1 65 4 3 88 93 94 95 96 89 24 27 }
{ 83 82 61 58 110 109 108 22 20 23 105 106 107 27 24 }
{ 25 26 21 24 95 94 93 88 87 2 55 3 45 43 42 }
{ 41 40 49 54 90 48 42 43 17 14 45 3 4 6 81 }
{ 100 102 79 77 30 36 19 18 35 34 32 33 38 39 12 }
{ 13 11 10 12 19 36 30 31 112 37 77 }
----
{ 77 103 81 101 78 72 75 76 104 99 16 74 6 62 85 }
{ 70 71 68 69 66 67 64 63 9 62 6 80 4 5 86 }
{ 7 8 0 1 65 4 3 47 60 59 53 52 111 73 98 }
{ 84 47 51 50 91 92 29 28 57 56 46 44 15 97 3 }
{ 88 93 94 95 96 89 24 27 83 82 61 58 110 109 108 }
{ 22 20 23 105 106 107 83 27 24 25 26 21 95 94 93 }
{ 87 2 55 88 3 45 43 42 41 40 49 54 90 48 17 }
{ 14 17 43 45 3 4 6 81 77 100 102 79 30 36 19 }
{ 18 35 34 32 33 38 39 19 12 13 11 10 36 30 31 }
{ 112 31 37 30 77 }
----
{ 77 103 81 101 78 72 75 76 104 99 16 11 13 10 74 }
{ 6 62 85 70 71 68 69 66 67 64 63 9 80 4 5 }
{ 86 4 7 8 0 1 65 3 47 60 59 53 52 111 73 }
{ 98 73 47 84 51 50 91 92 29 28 57 56 46 44 15 }
{ 97 15 47 3 88 93 94 95 96 89 24 27 83 82 61 }
{ 58 110 109 108 61 82 83 22 20 23 105 106 107 27 24 }
{ 25 26 21 24 95 94 93 88 87 2 55 3 45 43 42 }
{ 41 40 49 54 90 48 42 43 17 14 45 3 4 6 81 }
{ 100 102 79 77 30 36 19 18 35 34 32 33 38 39 12 }
{ 31 112 37 30 77 }
----
{ 77 103 81 101 78 72 75 76 104 99 16 11 13 10 74 }
{ 6 62 85 70 71 68 69 66 67 64 63 9 80 4 5 }
{ 86 4 7 8 0 1 65 3 47 60 59 53 52 111 73 }
{ 98 73 47 84 51 50 91 92 29 28 57 56 46 44 15 }
{ 97 15 47 3 88 93 94 95 96 89 24 27 83 82 61 }
{ 58 110 109 108 61 82 83 22 20 23 105 106 107 27 24 }
{ 25 26 21 24 95 94 93 88 87 2 55 3 45 43 42 }
{ 41 40 49 54 90 48 42 43 17 14 45 3 4 6 81 }
{ 100 102 79 77 30 36 19 18 35 34 32 33 38 39 12 }
{ 31 112 37 30 77 }
----
{ 77 103 81 101 78 72 75 76 104 99 16 11 13 10 74 }
{ 6 80 62 70 71 68 69 66 67 64 4 5 86 7 8 }
{ 63 85 9 8 0 1 65 7 4 3 47 60 59 53 52 }
{ 111 47 73 98 84 51 50 91 92 29 28 57 56 46 44 }
{ 15 97 47 3 88 93 94 95 96 89 24 27 83 82 61 }
{ 58 110 109 108 61 82 83 22 20 23 105 106 107 27 24 }
{ 25 26 21 24 95 94 93 88 87 2 55 3 45 43 42 }
{ 41 40 49 54 90 48 42 43 17 14 45 3 4 6 81 }
{ 100 102 79 77 30 36 19 18 35 34 32 33 38 39 12 }
{ 31 112 37 30 77 }
----
{ 77 103 81 101 78 72 75 76 104 99 16 11 13 10 74 }
{ 6 80 62 70 71 68 69 66 67 64 4 5 86 7 8 }
{ 63 85 9 8 0 1 65 7 4 3 47 60 59 53 52 }
{ 111 47 73 98 84 51 50 91 92 29 28 57 56 46 44 }
{ 15 97 47 3 88 93 94 95 96 89 24 27 83 82 61 }
{ 58 110 109 108 61 82 83 22 20 23 105 106 107 27 24 }
{ 25 26 21 24 95 94 93 88 87 2 55 3 45 43 42 }
{ 41 40 49 54 90 48 42 43 17 14 45 3 4 6 81 }
{ 100 102 79 77 30 36 19 18 35 34 32 33 38 39 12 }
{ 31 112 37 30 77 }
----
{ 77 103 81 101 78 72 75 76 104 99 16 11 13 10 74 }
{ 6 80 62 70 71 68 69 66 67 64 4 5 86 7 8 }
{ 63 85 9 8 0 1 65 7 4 3 47 60 59 53 52 }
{ 111 47 73 98 84 51 50 91 92 29 28 57 56 46 44 }
{ 15 97 47 3 88 93 94 95 96 89 24 27 83 82 61 }
{ 58 110 109 108 61 82 83 22 20 23 105 106 107 27 24 }
{ 25 26 21 24 95 94 55 93 88 87 2 3 45 43 42 }
{ 41 40 49 54 90 48 42 43 17 14 45 3 4 6 81 }
{ 100 102 79 77 30 36 19 18 35 34 32 33 38 39 12 }
{ 31 112 37 30 77 }
----
{ 77 103 81 101 78 72 75 76 104 99 16 11 13 10 74 }
{ 6 80 62 70 71 68 69 66 67 64 4 5 86 7 8 }
{ 63 85 9 8 0 1 65 7 4 3 47 60 59 53 52 }
{ 111 47 73 98 84 51 50 91 92 29 28 57 56 46 44 }
{ 15 97 47 3 88 93 94 95 96 89 24 27 83 82 61 }
{ 58 110 109 108 61 82 83 22 20 23 105 106 107 27 24 }
{ 25 26 21 24 95 94 55 93 88 87 2 3 45 43 42 }
{ 41 40 49 54 90 48 42 43 17 14 45 3 4 6 81 }
{ 100 102 79 77 30 36 19 18 35 34 32 33 38 39 12 }
{ 31 112 37 30 77 }
----
{ 77 103 81 101 78 72 75 76 104 99 16 11 13 10 74 }
{ 6 80 62 70 71 68 69 66 67 64 4 5 86 7 8 }
{ 63 85 9 8 0 1 65 7 4 3 47 60 59 53 52 }
{ 111 47 73 98 84 51 50 91 92 29 28 57 56 46 44 }
{ 15 97 47 3 88 93 94 95 96 89 24 27 83 82 61 }
{ 58 110 109 108 61 82 83 22 20 23 105 106 107 27 24 }
{ 25 26 21 24 95 94 55 93 88 87 2 3 45 43 42 }
{ 41 40 49 54 90 48 42 43 17 14 45 3 4 6 81 }
{ 100 102 79 77 30 36 19 18 35 34 32 33 38 39 12 }
{ 31 112 37 30 77 }
----
{ 77 103 81 101 78 72 75 76 104 99 16 11 13 10 74 }
{ 6 80 62 70 71 68 69 66 67 64 4 5 86 7 8 }
{ 63 85 9 8 0 1 65 7 4 3 47 60 59 53 52 }
{ 111 47 73 98 84 51 50 91 92 29 28 57 56 46 44 }
{ 15 97 47 3 88 93 94 95 96 89 24 27 83 82 61 }
{ 58 110 109 108 61 82 83 22 20 23 105 106 107 27 24 }
{ 25 26 21 24 95 94 55 93 88 87 2 3 45 43 42 }
{ 41 40 49 54 90 48 42 43 17 14 45 3 4 6 81 }
{ 100 102 79 77 30 36 19 18 35 34 32 33 38 39 12 }
{ 31 112 37 30 77 }
----
{ 77 103 81 101 78 72 75 76 104 99 16 11 13 10 74 }
{ 6 80 62 70 71 68 69 66 67 64 4 5 86 7 8 }
{ 63 85 9 8 0 1 65 7 4 3 47 60 59 53 52 }
{ 111 47 73 98 84 51 50 91 92 29 28 57 56 46 44 }
{ 15 97 47 3 88 93 94 95 96 89 24 27 83 82 61 }
{ 58 110 109 108 61 82 83 22 20 23 105 106 107 27 24 }
{ 25 26 21 24 95 94 55 93 88 87 2 3 45 43 42 }
{ 41 40 49 54 90 48 42 43 17 14 45 3 4 6 81 }
{ 100 102 79 77 30 36 19 18 35 34 32 33 38 39 12 }
{ 31 112 37 30 77 }
----
{ 77 103 81 101 78 72 75 76 104 99 16 11 13 10 74 }
{ 6 80 62 70 71 68 69 66 67 64 4 5 86 7 8 }
{ 63 85 9 8 0 1 65 7 4 3 47 60 59 53 52 }
{ 111 47 73 98 84 51 50 91 57 56 46 44 15 97 3 }
{ 88 93 94 95 96 89 24 27 83 82 61 58 110 109 108 }
{ 22 20 23 105 106 107 83 27 24 25 26 21 92 28 29 }
{ 55 94 93 88 87 2 3 45 43 42 41 40 49 54 90 }
{ 48 49 40 41 42 43 17 14 45 3 4 6 81 77 100 }
{ 102 79 100 77 30 36 19 18 35 34 32 33 38 39 12 }
{ 31 112 37 30 77 }
----
{ 77 103 81 101 78 72 75 76 104 99 16 11 13 10 74 }
{ 6 80 62 70 71 68 69 66 67 64 4 5 86 7 8 }
{ 63 85 9 8 0 1 65 7 4 3 47 60 59 53 52 }
{ 111 47 73 98 84 51 50 91 46 44 15 97 3 88 93 }
{ 94 95 96 89 24 27 83 82 61 58 110 109 108 22 20 }
{ 23 105 106 107 20 22 83 27 24 25 26 21 92 28 29 }
{ 55 94 93 88 87 2 3 45 43 42 41 40 49 54 90 }
{ 48 57 56 49 40 41 42 43 17 14 45 3 4 6 81 }
{ 100 102 79 77 30 36 19 18 35 34 32 33 38 39 12 }
{ 31 112 37 30 77 }
----
{ 77 103 81 101 78 72 75 76 104 99 16 11 13 10 74 }
{ 6 80 62 70 71 68 69 66 67 64 4 5 86 7 8 }
{ 63 85 9 8 0 1 65 7 4 3 47 60 59 53 52 }
{ 111 47 73 98 84 51 50 91 46 44 15 97 3 88 93 }
{ 94 95 96 24 27 83 82 61 58 110 109 108 22 20 23 }
{ 105 106 107 23 20 22 83 27 24 25 26 21 92 28 29 }
{ 55 94 93 88 87 2 3 45 43 42 41 40 49 54 90 }
{ 89 90 54 49 48 57 56 40 41 42 43 17 14 45 3 }
{ 100 102 79 77 30 36 19 18 35 34 32 33 38 39 12 }
{ 31 112 37 30 77 }
----
{ 77 103 81 101 78 72 75 76 104 99 16 11 13 10 74 }
{ 6 80 62 70 71 68 69 66 67 64 4 5 86 7 8 }
{ 63 85 9 8 0 1 65 7 4 3 47 60 59 53 52 }
{ 111 47 73 98 84 51 50 91 46 44 15 97 3 88 93 }
{ 94 95 96 24 27 83 82 61 58 110 109 108 22 20 23 }
{ 105 106 107 23 20 22 83 27 24 25 26 21 92 28 29 }
{ 55 54 56 90 89 94 93 88 87 2 3 45 43 42 41 }
{ 40 49 48 57 41 42 43 17 14 45 3 4 6 81 77 }
{ 100 102 79 77 30 36 19 18 35 34 32 33 38 39 12 }
{ 31 112 37 30 77 }
----
{ 77 103 81 101 78 72 75 76 104 99 16 11 13 10 74 }
{ 6 80 62 70 71 68 69 66 67 64 4 5 86 7 8 }
{ 63 85 9 8 0 1 65 7 4 3 47 60 59 53 52 }
{ 111 47 73 98 84 51 50 91 46 44 15 97 3 88 93 }
{ 94 95 96 24 27 83 82 61 58 110 109 108 22 20 23 }
{ 105 106 107 23 20 22 83 27 24 25 26 21 92 28 29 }
{ 55 54 56 90 89 94 93 88 87 2 3 45 43 42 41 }
{ 40 49 48 57 41 42 43 17 14 45 3 4 6 81 77 }
{ 100 102 79 77 30 36 37 19 18 35 34 32 33 38 39 }
{ 12 19 36 30 31 112 77 }
----
{ 77 103 81 101 78 72 75 76 104 99 16 11 13 10 74 }
{ 6 80 62 70 71 68 69 66 67 64 4 5 86 7 8 }
{ 63 85 9 8 0 1 65 7 4 3 47 60 59 53 52 }
{ 111 47 73 98 84 51 50 91 46 44 15 97 3 88 93 }
{ 94 95 96 24 27 83 82 61 58 110 109 108 22 20 23 }
{ 105 106 107 23 20 22 83 27 24 25 26 21 92 28 29 }
{ 55 54 56 90 89 94 93 88 87 2 3 45 43 42 41 }
{ 40 49 48 57 41 42 43 17 14 45 3 4 6 81 77 }
{ 100 102 79 77 30 36 37 19 18 35 34 32 33 38 39 }
{ 12 19 36 30 31 112 77 }
----
{ 77 103 81 101 78 72 75 76 104 99 16 11 13 10 74 }
{ 6 80 62 70 71 68 69 66 67 64 4 5 86 7 8 }
{ 63 85 9 8 0 1 65 7 4 3 47 60 59 53 52 }
{ 111 47 73 98 84 51 50 91 46 44 15 97 3 88 93 }
{ 94 95 96 24 27 83 82 61 58 110 109 108 22 20 23 }
{ 105 106 107 23 20 22 83 27 24 25 26 21 92 28 29 }
{ 55 54 56 90 89 94 93 88 87 2 3 45 43 42 41 }
{ 40 49 48 57 41 42 43 17 14 45 3 4 6 81 77 }
{ 100 102 79 77 30 36 37 19 18 35 34 32 33 38 39 }
{ 12 19 36 30 31 112 77 }
----
{ 77 103 81 101 78 72 75 76 104 99 16 11 13 10 74 }
{ 6 80 62 70 71 68 69 66 67 64 4 5 86 7 8 }
{ 63 85 9 8 0 1 65 7 4 3 47 60 59 53 52 }
{ 111 47 73 98 84 51 50 91 46 44 15 97 3 88 93 }
{ 94 95 96 24 27 83 82 61 58 110 109 108 22 20 23 }
{ 105 106 107 23 20 22 83 27 24 25 26 21 92 28 29 }
{ 55 54 56 90 89 94 93 88 87 2 3 45 43 42 41 }
{ 40 49 48 57 41 42 43 17 14 45 3 4 6 81 77 }
{ 100 102 79 77 30 36 37 19 18 35 34 32 33 38 39 }
{ 12 19 36 30 31 112 77 }
----
{ 77 103 81 101 78 72 75 76 104 99 16 11 13 12 19 }
{ 18 35 34 32 33 38 39 19 12 13 11 10 104 75 74 }
{ 112 74 75 72 81 6 80 62 70 71 68 69 66 67 64 }
{ 4 5 86 7 8 63 85 9 0 1 65 3 47 60 59 }
{ 53 52 60 47 111 73 98 84 51 50 91 46 44 15 97 }
{ 88 93 94 95 96 24 27 83 82 61 58 110 109 108 22 }
{ 20 23 105 106 107 22 83 27 24 25 26 21 92 28 29 }
{ 55 54 56 90 89 94 93 88 87 2 3 45 43 42 41 }
{ 40 49 48 57 41 42 43 17 14 45 3 4 6 81 77 }
{ 100 102 79 77 30 36 37 31 }
----
{ 77 103 81 101 78 72 75 76 104 99 19 18 35 34 32 }
{ 33 38 39 32 34 35 18 19 104 16 11 13 12 10 75 }
{ 74 112 75 72 81 6 80 62 70 71 68 69 66 67 64 }
{ 4 5 86 7 8 63 85 9 0 1 65 3 47 60 59 }
{ 53 52 60 47 111 73 98 84 51 50 91 46 44 15 97 }
{ 88 93 94 95 96 24 27 83 82 61 58 110 109 108 22 }
{ 20 23 105 106 107 22 83 27 24 25 26 21 92 28 29 }
{ 55 54 56 90 89 94 93 88 87 2 3 45 43 42 41 }
{ 40 49 48 57 41 42 43 17 14 45 3 4 6 81 77 }
{ 100 102 79 77 30 36 37 31 }
----
{ 77 103 81 101 78 72 75 76 104 99 19 18 35 34 32 }
{ 33 38 39 32 34 35 18 19 104 16 11 13 12 10 75 }
{ 74 112 75 72 81 6 80 62 70 71 68 69 66 67 64 }
{ 4 5 86 7 8 63 85 9 0 1 65 3 47 60 59 }
{ 53 52 60 47 111 73 98 84 51 50 91 46 44 15 97 }
{ 88 93 94 95 96 24 27 83 82 61 58 110 109 108 22 }
{ 20 23 105 106 107 22 83 27 24 25 26 21 92 28 29 }
{ 55 54 56 90 89 94 93 88 87 2 3 45 43 42 41 }
{ 40 49 48 57 41 42 43 17 14 45 3 4 6 81 77 }
{ 100 102 79 77 30 36 37 31 }
----
